A2LD1,AR,ATP5G1,BRP44,C16orf93,C17orf96,C1orf204,CD34,FAM159B,HBXIP,MAP3K1,ODZ3,PCSK91,PPP1R12C-Exon2,PTPLB,RP4-697K147,TMEM57,TPH22,XRCC6,ZNF498
A2LD1,3.94956706981028,9.60629514475473,8.92872660634749,9.0043165401107,9.72538001219993,9.64639296367073,9.34614350605293,8.43401429633229,8.43781317681359,10.0444283263509,8.14776647276797,8.43997627525265,9.27129343502574,8.77011123083055,8.89081990192723,11.0066899783565,6.27826758660802,7.98230747036293,9.23373221229881,9.31332595157935
AR,7.85132413405214,5.36141853934163,6.72974852796581,8.54195727071944,9.33666221713194,9.76881385295465,9.1891940298527,8.39931749970066,9.14820234535457,9.61237730093337,8.38227242811582,8.65207852721221,5.8894051657966,8.6536501761496,9.04046133087927,7.75037228089504,8.12107447414776,8.26236885473233,5.76960564494821,5.34883427108446
ATP5G1,6.92786331832224,6.74533288499632,5.06879672533181,7.38249516002327,7.90001813797204,8.30335516060349,7.86483699449776,6.39879745089389,6.76730537317057,8.55644346998685,6.23654799456107,6.48275052830466,6.39222851519028,7.42311747305858,7.69979686550588,7.7037343009495,6.59874909773699,6.83282368748552,6.10271588602702,6.512091782539
BRP44,6.84055743193526,6.38070115474106,7.17773114060081,6.54083129153438,7.95679805517199,7.96777761508401,7.52366936181591,8.10044917010626,8.44675654856296,7.9904798871217,8.13791414873779,8.3533540638968,7.132448873541,7.66675757808309,6.76652515919497,8.7286403934591,6.91824243945421,5.60080803190871,7.70991732206584,8.3622677603208
C16orf93,8.47611895210762,6.10591550502654,7.45691457768221,8.02131267095728,9.4361288088816,9.00569870580053,9.22877020372817,7.60824646329793,8.82388760235708,9.34871557478612,8.71535330373437,8.86844600873831,6.92659850588346,8.8683907867047,8.44481786405341,8.60102877495209,8.94694829126528,8.0667307085623,6.65154719299187,6.51466866146838
C17orf96,7.18450220654942,7.99157271575113,8.0978195635058,7.42211423051748,8.99901547947378,7.8547824514591,8.14606228609486,8.78849520607855,9.21756437986273,9.23236534280696,9.0902571314588,9.560500883792,6.06964572725063,8.83261680011662,7.80865242308097,8.9086497203625,7.61923023875284,6.38628198831,7.32819146793625,6.82772483255971
C1orf204,6.35535401695575,7.49397515364386,7.59319171470834,7.57352956233234,8.18472665150065,8.35840647634638,6.74960109257674,5.31374519161305,5.2160266454195,8.51336413367725,5.3601964542817,5.3224305908804,5.76535558903581,8.31008714789462,8.05448463718928,8.81702334490375,6.36033627215029,6.19089869233747,6.9635093298305,6.82771056341187
CD34,8.96593985933209,8.44838046846061,8.30406971614578,9.69510767938797,11.2306159965552,10.9730853497131,11.1139670846613,2.93829998011806,4.0878954358131,11.4633607946487,4.29961174598329,4.21062616441087,9.69392583499414,10.3160062385489,10.5600326639235,11.1524322291673,8.96716420441464,10.0478778606522,9.2654817018206,9.71936530710901
FAM159B,8.09233991984077,8.55111996635863,7.69192557932701,8.96263150734384,10.123002549416,9.69539012362687,9.36958329572439,5.43577827961883,3.94818695068759,9.91869354288976,5.40830490376207,5.78106598122237,8.21478794470895,9.04831514284041,8.80347192809001,9.71458634524774,8.58339149006324,8.57633408857527,7.9781635442889,8.60663799678619
HBXIP,7.00075094528462,7.98573921501997,8.03407483611706,7.79115602378813,8.70455501143235,4.96729643433135,5.19298077549628,6.47033620897682,6.67513681703552,2.19414190054747,6.58734455207059,6.59710447007921,6.64961402029116,8.61389806278514,7.91504898376437,9.17058021369188,7.35241098518532,6.32683874273599,7.8026245354853,7.62157762023105
MAP3K1,7.96492318351055,8.21844461685945,7.12116957619258,8.69635021310195,9.27926821948094,9.33907370242848,9.17443755660098,4.35117915734334,4.08539944191938,9.73565857811055,2.31540150268735,4.36335312128536,7.89888969267449,8.57575470299388,8.7919379966549,9.63630769656378,7.97248733066892,7.76240522144627,7.75345776290631,8.71248347509518
ODZ3,7.19553727783062,9.58641090557617,8.46001585815537,9.88353687709025,10.6457686084472,10.5065575791783,10.471806030551,4.17013949823129,4.11408665479072,10.8026034249957,4.18976976418099,3.21552594899589,9.39106132914437,9.70513937473421,10.282185913535,10.898216059844,7.34287457268745,9.56768029544819,9.10826673058495,9.39892467288968
PCSK91,9.2715505827672,7.03446502921848,8.75478026070427,9.15324615726063,9.9430294132799,10.0929025741757,9.64135751803717,9.64970521717089,9.80782192112751,10.1633414344925,9.67722310669657,10.2520058786085,3.19963181250612,9.8765255706453,9.36483577857804,8.49942564391663,9.24571793667921,7.48349162776581,6.47840663467769,5.48662254328138
PPP1R12C-Exon2,7.95934333335338,8.80976274626795,8.65093859326293,8.33831603258239,10.1221726396015,10.1665176312204,10.1247295535467,10.0144696519684,10.5122257558663,10.4462267533687,10.2865355456454,10.3629764858814,8.60851379062766,5.43865722780126,8.80334014839588,10.0019232050203,7.95362026147899,9.20640414578755,8.33459446708261,8.16357954984482
PTPLB,7.32810129421778,8.1957104846098,6.48924471297718,6.72907090366206,8.7109063035454,8.11935850566018,8.03500929292434,8.16596011652638,8.52240358442261,8.69398764850946,8.29226209628073,8.76084363511742,7.54665578273865,7.17601820408566,5.95848907368568,9.31080410197008,7.48022986753069,6.27114851490972,7.92187168747823,8.65523593188939
RP4-697K147,7.06028922283877,6.2938316971731,6.99702481725976,8.42755179026876,9.34599316176035,9.09248968947002,8.70027166620831,8.39621621578322,9.13236944385599,9.39376979029923,8.68420113984997,8.71092299599152,5.47944306093268,8.44123473791605,8.65312226858721,2.91100531796824,6.68756621481067,8.07158082704451,5.64322152531958,4.883906572842
TMEM57,6.20204637797463,7.79353322193186,7.51331087693317,7.91456107536194,8.50585168162039,8.25236996240109,8.27932492415038,7.75301120842579,8.57186467872736,9.04745517235864,7.93246731003383,7.99826963867928,8.01227996587634,7.54519974044849,7.80784798218723,9.33061274672869,5.90242876867392,7.36469860066306,8.10766753344375,9.03611340631477
TPH22,7.39909293138298,7.77221900322769,6.51192553875633,6.39660136078004,7.96141208541834,7.66275835110562,7.44752677433916,7.2766904292814,7.65446668558979,7.93436162804292,7.33576299569966,7.77278570115969,6.30295668223897,7.91604428798046,6.51247881819206,9.12562508052889,7.38630787749267,3.38315083425875,7.75607783684143,8.72432112039704
XRCC6,6.82286470149395,6.36138810567468,7.47525877539551,8.81003555175258,9.62519539817589,9.58018661420077,9.19072500664739,6.45584987464095,6.50277202174255,9.94474892593371,6.84195444292032,6.71850377814327,5.19854909409004,8.80476436043827,9.04623588889772,7.54372119136879,7.09839350862415,8.69774117559451,3.66726805067481,4.36016369991241
ZNF498,8.75672328023924,6.45524970243323,7.99555200576741,10.2103175259875,10.7543502159583,10.8576958928891,10.8298223935979,9.7146564885613,10.0999153822098,11.2072520189292,9.85377160933053,9.88917478478853,5.62747970961471,10.1520921839418,10.4781626143603,7.95542726124576,8.96947399510928,9.74278239395607,5.70300974230986,4.02004056358562
