A2LD1,AR,ATP5G1,BRP44,C16orf93,C17orf96,C1orf204,CD34,FAM159B,HBXIP,MAP3K1,ODZ3,PCSK91,PPP1R12C-Exon2,PTPLB,RP4-697K147,TMEM57,TPH22,XRCC6,ZNF498
A2LD1,3.72204648191678,8.82977605532888,7.20359655453107,7.1512670576864,8.56478748857161,8.21187189260029,8.10656202417043,8.49617466310067,9.81206469382436,8.71277810221542,9.22054007905913,9.08506538447881,7.14431217600331,7.48149726215587,7.20548834982022,9.64593354245955,6.26172989517127,4.59551592613197,8.18799538517743,9.34680618285809
AR,6.80115080478978,3.42158330807315,4.12668754958712,7.3161081278506,8.83657432798513,8.77801236703805,8.41151282372116,6.29418666987576,6.47608060336007,8.9008640924242,5.74996505148219,5.88360890770712,3.15483213783387,7.38674140777553,7.89649004742566,7.15064011863006,4.60912980263639,4.60893151987505,3.23450725527254,2.35783331879022
ATP5G1,7.95886468367213,6.86508219373968,5.8272860765091,7.05490926866957,8.37466106247986,8.16572070787936,7.76478094975096,7.49650937744817,8.15447273049672,8.82606603194687,7.42160230043796,7.5681355683528,7.19087834429872,7.33859225005975,7.23905750036343,8.44770458416695,7.72463992750864,6.30491579459829,6.53163836920047,8.12688839454509
BRP44,3.91118027505665,6.66036295297877,6.05743371311629,4.80404393643149,7.20587575101676,5.62669827344131,5.82246776741918,8.20268423706207,7.93573515227319,5.9044509784483,7.60616320602233,7.89424567300616,6.05970203358705,6.81474588738938,6.13991242457639,9.26425989214508,5.38279174306031,4.14549427023171,7.17324243042378,8.23081654045471
C16orf93,8.12677978696075,4.85995681723496,4.36191593691731,6.04874805876604,8.27660589931039,8.8578856843668,8.89182390288836,5.56421542817086,6.40666179880606,8.77815324375992,6.1845033610492,5.80265418436154,4.80896601007098,7.9207985517146,6.62954681478574,8.05105424184312,7.90055111507396,5.10144531786087,4.66039715980593,5.56612457136059
C17orf96,5.90777496783959,7.71955923567015,6.9280667871665,6.78947307966081,7.87013680078143,3.68963201013051,4.80733522080678,7.71532356225063,8.66229543197847,5.86465131277799,8.35353041704019,7.61101313226295,6.65658786927754,5.96272215628483,6.63390699824435,8.97079647427525,6.06893337154114,5.32355065663523,7.66888979592487,8.75785171351818
C1orf204,4.90017898637538,7.09991598754525,5.96875907387661,6.27134657460603,7.53400562802735,4.30471253950264,3.07968965698836,8.03970279643574,8.54171552067601,5.31659821491249,7.91449387977157,7.86616347397588,6.56556088337095,6.41854272234007,6.81532198867442,9.06136189423042,4.95643090068354,4.11835504575725,6.65239614978735,8.09653157605281
CD34,8.69252472928311,7.93419672955625,6.45020400779905,8.59195275384593,10.566409918578,8.66057612036465,9.15997666309143,1.52905531395657,2.90215519751316,9.31317506333839,3.35818949158561,2.30819670596933,8.5599039435976,9.50376124530558,9.56811424120655,10.9956463788274,8.33616516863513,8.88525825522251,8.50449507901615,9.51357749099176
FAM159B,6.83069467534423,6.16300750547148,4.56145974413472,6.60429327700604,7.39116136193576,7.68784479713363,7.41869787460453,3.78889844080927,2.90161777749629,7.77472985206397,3.66185686076966,3.67896546253314,4.80688596316016,7.05835356133267,6.25403174055127,7.89541454933964,6.51516792296767,4.21240890694472,4.45060346382986,5.66581574261538
HBXIP,6.77960766001105,6.24183227180902,5.93216256225261,5.31653936541942,7.72984575029748,4.49354897518952,4.80315248916273,7.84564056150534,8.59891853952812,1.22725911420381,8.44335083002491,7.97040659723964,6.11224552467423,7.69323477021157,6.38541363525496,9.11078781097824,6.5706737406664,5.23615870133715,6.68869134160175,7.34957005764062
MAP3K1,7.82465140295761,6.40669304476459,4.40424171865918,6.98945592004182,9.06551116958606,9.510647101988,9.37794473499216,3.44442031033056,3.17042682955314,9.44150308181881,1.14787138226015,3.33802805573914,4.66542422534443,7.96799465682043,7.8916704702102,9.54321360452159,6.01428561435329,4.94970789358634,5.63351827380132,4.88476405520035
ODZ3,7.10914758881635,7.10617907148339,7.40899014471461,8.29717178283952,10.3385866217363,10.7006158039455,10.4123997569943,2.89147350390214,2.91805817564241,10.7860211587942,3.33342229928398,1.7064579273564,8.70378884536965,9.20028030956768,9.44960020611713,10.5714636888126,7.24182237300261,8.22216679084702,8.27443712733916,9.30575000786079
PCSK91,8.9460817444653,5.65458591960689,7.17842665499087,8.87259407907443,10.4745813182761,10.2234244454038,10.3768125022368,9.00444935697395,9.75647654979949,10.7788430272767,9.03986094440964,9.39301495258402,2.13353296938911,9.48025002091084,9.475755007075,8.18455208997671,8.72488617055782,6.54103558904628,4.85502225075374,4.13412618019167
PPP1R12C-Exon2,5.91616263452989,7.39352844475627,3.90421400548913,5.4367995944802,8.02549456083794,3.92455237645912,5.82971156534682,4.60424821798791,5.48455423837797,6.23835667141376,4.37509650764796,5.16972424420421,5.23597926498309,2.70213408811776,5.6939113573696,9.16368370143427,5.64861617432574,3.53719425969981,6.49932933868456,7.58233966730591
PTPLB,4.77630505867739,5.14759406898547,4.11041922512853,4.38958975176928,5.95993920482279,5.52568843812785,5.55329050495276,5.45813805292252,6.50708738062211,6.1760254982092,6.11064662081406,5.94246596013466,4.64083015698231,4.92418461209935,3.68725331892763,6.99910295379082,4.70900457788352,3.75590555934422,4.79484749042811,6.66592862172393
RP4-697K147,8.16036441852388,6.11889468399748,7.22775658687609,9.73593953233857,10.4584274920868,10.4538576484087,10.2997259955452,8.86628142818477,9.85621336706852,10.8746902540117,9.51709750455175,9.08475182719451,4.89195428605685,9.23883465128176,9.65475982306932,3.35371078289344,8.40062843486638,8.65953876013503,5.14725012567783,4.26424545513026
TMEM57,6.98874412326334,5.75399903021901,5.7105151800382,6.97167322339696,8.92802111619558,9.01794839415203,8.759702050701,5.22942771721798,5.95816074308942,9.11542184652834,6.24917158763182,5.32739261681429,7.3190859230239,7.35687550614636,7.05665397419201,7.05620657601443,6.31973643686789,5.68738267939571,7.0216898383158,8.87838688283233
TPH22,5.86820873070859,5.64053979695464,3.34318282153641,5.29355713708312,6.74608644324664,4.6776230890288,4.84380509940219,5.53863958778323,5.89506812815024,5.33208703774539,5.4434439167526,5.52021395386902,4.43449246941886,5.78961144010026,5.57392183330035,7.70693157198821,5.69677843884457,1.66183629684787,4.97685950210689,6.54525976105263
XRCC6,8.42338966957822,4.89190854337765,6.23359990649012,9.17595856594313,10.096763169326,10.4333789264036,10.1897065670736,8.68269442174735,9.28018325571646,10.6263878142064,8.44174699229561,8.68644978517232,4.16098473707993,8.77859986065057,9.14434940648977,7.75657247987425,8.26226426280198,7.17469558475073,2.37748824925919,4.15346856406497
ZNF498,7.04392403421552,4.93313397913463,5.58768072096831,9.08668829711511,10.0372036790461,9.72020906961046,9.78766023785596,7.75943511780851,8.34352395937192,9.96929752975866,7.49605446646513,7.93697690719854,3.45106250370131,8.54163488089072,9.62351857081539,3.63839041131104,6.78217384387839,7.20388260362054,4.14267663307805,2.86662931125547
