A2LD1,AR,ATP5G1,BRP44,C16orf93,C17orf96,C1orf204,CD34,FAM159B,HBXIP,MAP3K1,ODZ3,PCSK91,PPP1R12C-Exon2,PTPLB,RP4-697K147,TMEM57,TPH22,XRCC6,ZNF498
A2LD1,4.98608688524373,6.18007799794316,6.4259209383662,7.46992351318972,8.32887276104261,8.34900812191309,8.10167772672618,4.23236098793563,4.31977999869686,8.4598114137497,4.14869790890688,4.26753182440196,4.87519333261126,7.8062563358866,7.94013059899533,7.49109689978938,5.23591074571066,6.75034021298764,5.55992949045815,4.3165791458675
AR,3.53780885936562,5.88665210294712,4.93174350903602,6.04751215917159,8.07672174896114,5.95232876588702,6.34188163491273,4.04074256019458,4.36230987826223,6.61554255496918,4.34738851144595,4.25434592266559,4.49089511607757,6.17926253221534,6.63627030788564,7.76239979725052,4.98680779956837,5.7303036422468,4.74629770807571,4.52097289136513
ATP5G1,5.9320110843622,6.04176100910774,5.16326302792237,5.38014994195459,7.40805982187398,4.67327891241789,5.58168587677096,4.93832079068655,5.37199388398086,6.22234491264186,5.30401689577679,5.27050184822605,5.51429523555432,6.02270608899712,5.86139830129934,5.19243422877985,4.97941561618701,5.32900590741194,5.45687757226582,4.79579712844041
BRP44,5.42194963748541,6.01719289179643,5.70303492390011,6.05605295345531,7.80447028441667,7.53622023707539,7.50976825791422,4.66813018090865,4.93613135888547,8.15520867995551,5.12503618123301,4.82931317125792,5.89440157510954,7.32746947961671,6.94147744972801,6.92660331323052,5.77113202720467,6.62814959933233,5.62647404151434,5.18178031296021
C16orf93,4.57757892975228,6.76898757733596,5.5060190971394,6.50273897296453,8.40913118306165,6.68175219501928,6.84809418587894,5.41021071362274,5.43610974565769,7.47916496480798,5.63080257060316,5.51657297731259,5.56571001177767,6.85304341781534,6.96164230941309,5.93991683445635,4.74676362977467,5.98238338393526,5.50223963222369,4.97719556771385
C17orf96,5.30973869849116,6.83951624210567,6.42109776378107,7.52096036295685,8.41881757042429,7.77067606122057,8.2359119374239,5.62254542373618,5.9373598972064,8.70904377147381,5.91746044834037,5.7764262075269,6.43904271910766,7.80670017346682,7.6503962192218,7.79964421585211,6.3532613602552,7.51899912331666,6.31732651391642,6.12314963908162
C1orf204,4.72990482449974,6.83793452311447,6.35083557038947,8.14597570830392,8.45242779443243,8.51164463124161,8.07628765397697,4.992489419635,5.26444899856992,9.23560416609413,5.30868183629963,5.35812984498603,6.22191979788486,8.3385308508106,8.05474152443827,5.88824761144654,4.99487238269521,7.6578574800216,6.18489350900372,4.47622030581413
CD34,5.05609349987241,6.57594820044841,7.26708536142863,8.31383105397831,9.06517695447206,8.98628052929735,8.96496850075642,4.09974982070893,4.07355222900172,9.2231271132334,4.12304986624405,4.13448299647695,4.99106690795975,8.42608496206258,8.67574127856199,7.86072571725338,5.16738823557831,7.46154610353077,5.72800485496815,4.20436593421904
FAM159B,5.53275088673727,6.68232187360226,6.38849033691681,7.00573391307132,8.36496644653551,8.78846508360681,8.00025095601834,4.7622764904874,4.51300172255876,9.09884389679164,4.74341635222441,5.41984916143418,5.94859667287938,7.8569535450868,7.93840973769605,7.28561928622061,5.86049785676874,7.01099914592302,6.25300546643809,5.53513761834165
HBXIP,5.06188807237901,6.85717377151583,6.16950505213964,7.88268681119169,8.72169678869827,8.61492937622086,8.71563071032405,5.30376288198534,5.52637298798366,9.08378612410533,5.79808836930041,5.60631089974553,6.32196842121381,8.03931419069577,8.0303044484948,5.7497715404285,4.87287844873683,7.58898713998397,6.41540931151423,4.85128531445036
MAP3K1,3.90270076608588,5.5011833689895,5.13920360249216,6.3640689371896,7.52403412350814,7.38039949838555,7.51410610965539,3.50072494693254,4.12186924754913,7.61925328216937,3.80274778318811,3.68961570741875,4.30899069772378,6.95108558410119,6.53717793936742,7.1300833063574,4.58511440932118,5.57095461727795,4.91072821013369,4.1578660323538
ODZ3,4.0757418636983,6.46539069411906,7.3012723330641,7.45617422189455,9.07846464592898,7.55593478366937,7.8701668056075,3.73943743461831,3.76257632375894,8.22805544822996,3.88334586239619,3.92674986573637,4.7826013619896,7.59978093672077,8.03602092746006,7.85320969412162,4.80940491888057,7.40485042907905,5.46227392453421,3.97715948812147
PCSK91,5.13877336372915,6.63235729721243,6.51164252489519,7.57884038090584,8.90731249014468,6.90551202825704,7.29662467665027,4.56402888471418,4.15586825209568,7.81679599520145,4.51648481464104,4.56321914413479,5.48224941230441,7.14380731711408,8.00869709926286,5.19514407750168,4.09205024384284,7.45366672280105,5.61745770617543,3.73988100964
PPP1R12C-Exon2,5.3144300204521,6.05973433285057,5.80711005502312,7.38128307573402,8.36310977192681,7.98438347335364,8.24368575864021,4.89501511451207,4.80623432240609,8.43554544075445,5.03339279288359,4.93821637802559,5.3621250823458,7.70660867703231,7.46633749267515,5.16106373488003,4.56227073723389,6.32478868539808,5.66058866319322,4.124506257759
PTPLB,5.12558064882425,6.34358907409072,6.38896398093254,7.34354606528184,8.5730515235728,8.00446484079068,7.85595100932311,5.04529182029517,4.86011167116603,8.57216376495217,4.9947224388951,5.07525933563954,5.76224631830784,7.39797800921157,7.36383727345838,6.22961257554818,5.21226578858687,6.99252911113066,5.78956441087188,4.75172136062314
RP4-697K147,4.78801928945978,6.50903231228776,6.71105970374868,7.14425165812762,8.71576333164047,7.10055436617065,7.22626430459743,5.56186222460058,5.5620537260946,8.43936695656916,5.15321079073929,5.08121421320343,5.85021991422185,6.76565761596425,7.25096608171832,7.29308594499045,5.41260656249029,7.79967087987941,5.90658804068311,5.6192749291585
TMEM57,4.95007236250809,5.95061508015206,6.05769083062596,6.59146487711313,8.10581431807436,6.67547430655233,7.30190099071812,4.21029830561332,4.5820352243446,7.93618339409673,4.38822117224604,4.22352019332119,4.70058133131388,7.2081380924834,6.60354526171838,7.41868392307033,4.79736547018325,5.93166663287884,5.03903580672232,4.30991505367441
TPH22,5.66206290014337,6.67589102164667,5.50193382740125,6.47741948674885,8.2383648340011,5.89322573405329,6.26972598806916,5.37599742767175,5.5683086232484,6.8954247119518,5.55757956819308,5.83226776215135,6.27519600423172,6.17282353030284,6.60689099006511,5.38158484488264,4.86270122201745,6.39229123785128,5.89963646172229,5.17706579247403
XRCC6,3.6256827176824,5.7563566887749,5.3384098534633,7.0456559527109,8.08575607493795,7.68830273064638,8.03354656331677,3.53473613474692,3.43439423065596,8.32391363630451,3.76582330396487,3.81735800857761,4.17453959817032,7.36194562736056,7.27504626523145,5.10862203683429,3.40106937199227,6.08732544746113,4.99338532477116,3.04298885291198
ZNF498,4.03989701662525,6.33926604603816,6.4460880548498,6.88059010201328,8.54794393151778,6.78116124898603,7.14975235344649,4.0825199738384,4.14693850302464,7.48313078595145,4.03381905591235,4.10860093197623,4.75215305478425,6.79672831273184,7.54754499964678,7.7262304270705,4.93026157624179,6.90803627987363,5.39073147746276,3.96981498865127
