A2LD1,AR,ATP5G1,BRP44,C16orf93,C17orf96,C1orf204,CD34,FAM159B,HBXIP,MAP3K1,ODZ3,PCSK91,PPP1R12C-Exon2,PTPLB,RP4-697K147,TMEM57,TPH22,XRCC6,ZNF498
A2LD1,2.80871010003153,6.77872229468306,6.64447968737355,6.9462546234277,8.11437748716622,7.82479843756639,7.97186854857966,8.01663141626454,9.18749925027192,8.42932118879708,8.75245539260662,8.89840201786301,4.78047968965076,7.18137823457552,7.33885997755014,8.16372471161821,5.4447967423435,4.13385658222583,6.27797979494191,6.05407293282961
AR,6.64195962105667,3.55549674669302,3.34572595027303,7.27677516237394,8.71471724076666,8.66998913305268,8.49656689136654,4.96033541916156,5.24789452115382,8.84787692108944,4.51371295195153,4.8711798602828,3.82694557229648,6.92159644391883,7.91186004952498,7.36412653360726,4.16054251217379,4.39321981242801,3.06689308595782,2.52892036223276
ATP5G1,8.70447529623146,6.48577727154522,2.1994422516577,8.47675936594799,9.69039835118739,9.61427515640531,9.29648803965725,7.95485707858639,8.39138950173752,9.72512211193197,7.59866793031161,7.53347081297886,5.72827278474194,7.68161964674872,8.12760004891149,9.19620469646184,8.12009827199207,4.37894468773374,4.69693027370167,6.83914507488748
BRP44,4.36165163996881,6.93811913747423,5.85989318512109,5.32791391189397,7.63425781607582,6.40218028788599,6.5748694129572,8.42405752024903,8.29541827324292,6.62294222987435,7.83013999862739,8.19839917212612,6.45747881828518,7.05684030696835,6.62671494049697,9.58139677387262,5.71661276898256,4.56979718493209,7.36559043024686,8.46835288279749
C16orf93,8.05475287281074,4.58258800047631,3.97359740287343,5.81004557466769,7.97692976421148,8.64512621638197,8.6955598864045,6.71061735753646,7.73643431389469,8.53574693884184,7.39100881615201,7.2164540567282,4.6601654873372,7.70225724398479,6.33223932504074,7.89760119257465,7.79782705274551,5.25930059020912,4.60298492922474,5.49341961071235
C17orf96,6.62881590269746,7.97660164418157,6.12474451898166,7.73978145592594,8.67966022655289,4.28262798433447,5.80912357967173,7.87560185847142,9.28125570089784,6.63709656784706,8.81883240766784,8.26322394359717,7.03463490195256,5.7817593262065,7.386637814236,9.36359004191946,6.40846345087599,6.03651030530715,7.3195664864216,8.76758284411675
C1orf204,5.33642693963578,7.89975441738133,6.42817148611245,7.11570956965063,8.38428472693591,5.4027767725556,4.35171186946889,7.42638376528826,7.83016775982028,6.39954205496768,7.31815857202825,7.48753282804947,7.02064222042492,7.07304597162317,7.78442953529128,9.85954369322173,5.10817145997511,5.08870127388427,7.25214016527127,7.9042385217447
CD34,8.57160978023162,7.32872072879631,7.22980952499742,9.44121608563749,11.1395018012748,10.8044306820741,11.0461870422104,1.64420837862156,2.96802863362699,11.3443754014331,3.54037015357149,2.46790345451393,7.25411658392919,9.59440090639445,10.4563243595987,10.2248697903589,8.34519878176274,9.31794297368842,7.47500263541466,7.10183407094387
FAM159B,6.80328714593127,5.45093750792041,4.88735208895968,6.93537873785966,7.76056100963454,8.12990547084179,7.79833347600261,3.55767321467684,2.00868863175213,8.18338689039754,3.38288863202207,3.58833824212608,4.81139628617878,7.12588971587333,6.72616425933729,7.88576995883867,5.05285482662378,4.80903601871812,4.10675892030461,4.57580868043116
HBXIP,6.6414092776332,6.55695658521092,5.59514873498502,5.53189268278843,7.81087994621627,4.76608580082083,5.08161285215173,7.96070528992553,8.7263381432618,1.50176379865784,8.4413334797243,8.09425814458253,6.2795197654582,7.56083566136769,6.41804668114442,9.24323490049698,6.4605711746026,5.05114411636684,6.53342404902517,7.45090238158492
MAP3K1,7.69777549331269,6.32910631967942,4.66540786714167,6.87530263036797,8.85249999798809,9.43146629131916,9.21785089761905,3.38123877333892,3.0680607912096,9.31980048127112,1.04901578675184,3.2551923005267,4.58689549703649,7.94122784561756,7.69875567374471,9.32853764409725,5.95612528613285,5.04064157672761,5.55364320972014,4.73153610462088
ODZ3,8.05909739631861,6.6997234409883,8.026270104471,9.34248767133978,10.9512615147387,11.0687413926056,10.7499022108962,3.00837332890775,3.06823026887175,11.363327042965,3.51055944060705,2.02052239608696,8.16606990133803,9.72807995725516,10.4718082196431,10.1845597561546,8.23963511018586,8.936315814404,8.0452271558085,8.05597820289257
PCSK91,8.78829658426872,4.65683767471873,7.02705221861306,8.57897917479563,10.6905207133163,10.46833485792,10.5761084183723,6.46060344978574,7.08046327637626,10.9287322864908,6.86541633439374,6.5519180237347,2.07848455567513,9.56485955056408,9.68914994630193,8.1482807452392,8.53018583099575,6.79392891533606,4.54872758696535,3.85426640770395
PPP1R12C-Exon2,6.51724379117397,7.73958699276575,4.33103198497364,5.41013304296247,8.25927884365866,4.40586816706933,6.42390462615619,7.42155284742718,8.65643538143921,6.91612311893972,7.46695029633791,8.09268200990827,6.02729285399809,2.29932705090994,5.77507993621725,9.48913873294767,6.26686617936468,3.76733701798716,6.89630317091499,8.42624786281015
PTPLB,5.6084337113388,5.45634115471669,4.6058740694661,4.68116371461718,6.59476615369629,6.65277804448264,6.47118457105907,6.13143884169033,7.19868581184494,6.99459322854871,6.62778856860113,6.5671877634576,5.3264874325348,5.3652961523701,4.28636300941795,7.71312496335963,5.40548828687607,4.17191775120907,5.37468945681385,7.31095375281283
RP4-697K147,7.23611489903032,5.70204121239366,6.60748037267096,9.62013161186515,10.15764938794,10.3700384440105,10.2097842876806,8.65834653449518,9.7054171901204,10.679156521911,9.246336427333,8.82268797159434,5.10958854792409,8.75416057751129,9.52576150741301,3.41246547832501,7.39365423447628,8.36863529911328,5.04354396766033,4.28639018487716
TMEM57,7.6095551629014,5.90635745756419,5.37908349355119,7.86413407922082,9.40202990651086,9.68678083179443,9.47095433321613,7.6456535726983,8.54023298748037,9.83698997932741,8.48151690906102,7.82669657494026,8.12481951491343,7.79095176011848,7.80628914942568,5.60900730481565,6.80840918774569,6.74590680568903,7.35172001923702,9.41909430495296
TPH22,6.37722946379313,6.29611311460718,3.54946979600587,5.61911808412251,7.04677293612174,4.9145292208365,5.10011262692137,6.90503326831515,7.46524085899992,5.55922606560876,6.8144134342681,7.00308615968064,5.24451495189183,6.11452309892836,5.86594407874034,8.36610074188187,6.13049118318451,1.72543177944563,5.77090018415798,7.70102408903181
XRCC6,7.38196787222168,5.03366663839196,5.61948033091438,8.98148587314703,9.83533911815187,8.22382250201138,8.28617404945561,8.61422648053761,9.30035414371963,8.82298580146185,8.4813941424919,8.58660586819753,4.519117239962,8.30590905099526,8.97423413342138,7.71795618445675,7.25365412392589,7.50086406675436,2.15822295408431,4.0125310825759
ZNF498,7.37168649490701,5.1045709141154,6.07009868251646,9.60927555452742,10.5000848083996,10.6451438210733,10.5671468884731,7.75900868388248,8.06365687525124,10.7861811016216,7.40642126419147,7.88126141435437,3.78967908689984,8.99863399730246,10.0444188651873,4.02886063889182,7.19050978419592,7.95097363567004,4.30815971688463,2.9841850673762
