A2LD1,AR,ATP5G1,BRP44,C16orf93,C17orf96,C1orf204,CD34,FAM159B,HBXIP,MAP3K1,ODZ3,PCSK91,PPP1R12C-Exon2,RP4-697K147,TMEM57,TPH22,XRCC6,ZNF498
A2LD1,1.9068910057733,3.02813180573203,3.86216211995994,3.73462243085823,5.57690856597903,5.87921086940636,4.82687069862308,2.16562710036566,1.99907635458875,5.43384457709579,2.32197095838284,2.50019701342709,1.79923598179558,5.05974311014913,3.99696099548677,2.84706489535586,3.32103847961786,2.9033310150305,2.238971125372
AR,2.02715095780907,1.45583710305594,1.82270145999218,2.22192886529428,2.92359473236042,3.25508398169476,3.23493353151536,1.52283656009691,2.08473748504106,2.91007663176446,2.13806636520698,1.46124482954186,1.37977382700206,2.41207959886803,1.94078843645358,1.54259159723826,1.59854380254072,1.68995733041138,1.62221354349437
ATP5G1,2.48201869982506,1.58704759833335,0.880934530372377,1.4811000238681,1.89008261902603,1.82644929551375,1.82624382310956,2.02438673406002,2.39145070114826,2.08316772821996,2.16770253250967,2.06749905015787,1.76739743655001,1.38479824618287,2.20466444493855,2.1773159463159,1.07093063509833,1.58453343057167,2.46667039145842
BRP44,1.14064225282543,1.4194988744728,2.01991553189717,2.00905101219677,2.89688552085803,2.69536948436619,2.57522773374735,0.914076196320792,1.02361309082752,2.69326221714205,0.774832779068642,1.01040957879741,0.883448341629357,2.43816614502617,2.27876745522608,1.40104295166147,1.80586842705723,1.12302704806178,1.12599282902109
C16orf93,2.41945856742703,2.02076565921219,1.65058529627517,2.04192934500806,1.55142519069269,2.14626584052816,2.13168111903134,2.12912497377819,2.50246215327573,2.85703073000647,2.37733387587333,1.99136800076652,1.85498830281131,1.57609038168866,2.90191648919122,2.73324659908768,1.95359730291461,1.89882709074832,2.92337270038483
C17orf96,2.35180701172028,2.69371296849755,2.98199750976444,2.69603681434232,2.86704323970402,1.98905337928783,2.83482167333303,1.69348442002296,1.79282198571749,4.15970683723179,2.12470885055885,1.57639059954973,2.00167043543643,2.01822987711144,2.96185038004991,2.36762235084332,2.82917505603095,2.65374025457753,1.82341097580807
C1orf204,2.02429236869053,2.38925174648667,2.81305061951254,3.04904570713376,3.83657069944601,3.00614703425547,2.61358186243857,1.50244024694139,1.21894895803298,3.34944817038167,1.51793957837205,1.52178020536308,1.80978583649697,2.91260095049917,3.51923875866507,1.84575717827705,2.87125540439473,1.99353601148778,1.53467790338665
CD34,3.47569214355977,3.43638543910594,4.52453870207905,4.68437210175517,4.27613007277187,4.6486034783456,5.00271508385,2.02227405485419,2.21471558985488,4.68300303389151,2.89530189403608,2.01536792883936,3.08135085545762,4.17686458926476,3.97067878086306,2.61661725678977,4.87995235332138,3.0758904194697,2.42081467978556
FAM159B,2.30949315633691,3.25448916148,2.43689855586113,3.45159782397835,5.27496831978644,3.77960120684348,2.74880936123035,2.53680104587597,1.52612700956959,2.76485736904761,2.08292846220902,2.55710967269618,1.82920882560631,3.52544193759209,5.17339750925594,3.61683027655921,2.32620991999932,1.73091436075285,2.88377318090451
HBXIP,2.63360110148391,2.90790888368979,2.09869873184542,2.81960220575019,2.71220967092486,2.4149695197114,2.29202075408627,2.46900463894222,2.30474895034647,1.22156766182354,2.13520117313431,2.68904965160204,1.76896164499544,1.9167438696646,5.19896223087967,3.72034772808684,2.36937527819501,1.3564180590561,3.22308315986664
MAP3K1,1.66250837673729,2.28096280409403,2.75812435920349,2.73774058596565,3.35630896237946,3.60647091966319,3.1868780409383,1.57305866553938,1.40256700295572,3.64191734590495,1.08443480289124,1.46816788699345,1.63973358299842,3.02192608954772,2.9539835876171,2.03838613986261,2.68442255759012,1.81045740788462,1.68398855423956
ODZ3,2.63310593905925,4.41871313715238,4.83105485622113,5.19382382485106,4.19590538097649,4.88494991760852,5.20507820468512,2.35316634719622,2.31805227218839,5.03771638213887,2.63655848211401,2.42420449035539,2.74225437759444,4.21834901757482,5.67365142538012,3.36031376019251,5.00320186546433,3.19700481666285,2.69662909371108
PCSK91,2.14840913023905,3.73879297325976,3.9787208807368,4.35240735689525,4.48266866081444,4.34221683275791,4.75683573956996,2.16786127282406,2.17405360945712,4.27021276313529,2.08377785693412,2.3126053334975,1.87881200506587,4.00965787870821,5.2627156049168,3.38404908269144,3.82502877927988,2.38020542511414,2.60969833977513
PPP1R12C-Exon2,3.06584228440172,2.48549363194666,2.60449545465498,2.79548084838219,3.79199268878589,2.60640429243533,2.83581343080156,2.50183584979721,3.08936574102561,4.0782431513344,2.61683935230244,2.61452331955272,2.11608224362431,2.63332786696345,4.04406449075319,3.04419965978085,2.26178037379362,3.06226082850803,3.2363926849219
RP4-697K147,2.54417821641314,2.67706971026972,3.82394274656723,3.68211272962742,4.74251861660646,4.26141347332761,4.7463690787584,1.74611031786789,1.80166941261983,4.62765711439382,1.95338106251427,1.62099488174227,2.30222912173776,4.0969462705312,2.56615583118784,1.78362048194748,3.5496518239168,2.57324431449871,1.65027452652129
TMEM57,2.09195485421459,2.18581061297666,2.80658398654501,3.42883241959069,5.18493971921736,5.46705767840274,3.50926438155049,2.08339959334671,1.79729038152748,4.09407798509561,1.93581007037846,2.11191206801209,2.03949630387184,4.46470091883289,3.61780948595546,1.94514058737255,3.00951621138311,2.12010686630702,2.20686949947579
TPH22,2.71238243150312,1.81294228921437,1.1923773903418,1.74611185257519,3.76335045567395,2.62052883911457,2.30409493560669,2.26608634839231,2.16911479884049,2.53963335449237,2.13118109213876,2.09243450688959,1.71672061122167,2.39746470809812,2.63669655407721,2.22934384453012,0.928942256962862,1.79686868155288,2.4589335260684
XRCC6,1.77025933081992,2.37848991285529,3.27285095831796,3.13994787952321,3.31277946442355,3.58021323400453,3.58252448069624,1.40140036421335,1.44711342701525,3.34230960704952,1.45820829492912,1.40423776879005,1.58511530209282,3.06053440901914,3.07703389721122,2.01106995833868,3.15284057427264,1.73113971389772,1.59684082350613
ZNF498,1.92650288059863,2.352927289552,3.8516494918389,3.78132618128571,4.34076566652612,4.43691454226879,4.09374820428407,1.85595881995121,1.62259113591608,4.1445563150465,1.65350257335444,1.54799281249301,2.14400404542775,3.75037017289181,2.63856076449284,1.62371595825224,3.55310173480582,2.19945232844256,1.22703573669495
