A2LD1,AR,ATP5G1,BRP44,C16orf93,C17orf96,C1orf204,CD34,FAM159B,HBXIP,MAP3K1,ODZ3,PCSK91,PPP1R12C-Exon2,PTPLB,RP4-697K147,TMEM57,TPH22,XRCC6,ZNF498
A2LD1,1.28993907804541,2.56998691167008,3.36326830362371,3.28498639200016,4.17526630558604,4.15663582309532,3.93060125586669,1.79561524060601,1.40797396478363,3.77025033200859,1.41366648057828,1.82373514236049,1.39588034455031,3.58731988796533,3.70765306670649,3.27402636636628,2.26736074672532,2.85278077662517,1.91195718153233,1.568765386365
AR,1.65243264451959,1.59784886173591,2.67136806341802,2.80378952169614,3.40311476907311,3.52655151236172,3.39534025213676,1.38503652982043,1.61543487829417,3.36472132970417,1.80551875555612,1.35081266689121,1.36278072943688,2.90434937850758,2.9776125401643,2.31740977898602,1.68689125910808,2.46705863763191,1.75549745319241,1.50227856764776
ATP5G1,2.63651527939164,1.46777659981494,0.847961470326998,1.44452192312109,2.27350237974557,2.06228743063792,1.7473854202369,2.10936894912829,2.34916073202948,2.31600710252861,2.1392103489284,2.07901623461191,1.91273047097586,1.61353190078761,1.91119668691654,2.13863081477977,2.13612932048798,0.946771110231686,1.66543665046314,2.52991081738042
BRP44,1.07296374988112,1.0661058508625,1.11548981045085,1.45220602449345,2.11059761917421,2.21677522325407,2.03543208158867,0.857171673114646,1.11878797581352,2.3282609003345,0.745230702790636,1.005690750289,0.722776806500781,1.75760009168044,1.74729062964696,1.9423586962286,1.38473386729305,1.00103907363601,0.876218066439335,1.24328275578258
C16orf93,2.23391714210626,2.09799168844372,1.81856353523363,2.05721084285402,1.43584602164939,2.30263764822303,2.51601951847859,1.94187096236994,2.40983369988867,3.14814152940919,2.4988165009471,1.64288537040123,1.75867579368106,1.66787133168195,2.01826292760969,2.50834084532674,2.41573042996051,2.06598831805891,1.97580426390122,2.50409976760917
C17orf96,2.4009101398931,1.5707513236455,0.902311959093961,1.34570854278896,2.22202546172956,1.1166156371797,1.50283081313983,1.68146818220422,1.86925056469936,1.68041651393671,1.62690304406807,1.64871125588096,1.37220664046081,1.08551967308033,1.57883981730091,2.56412473245664,2.17362255324699,0.82189262474833,1.2133707682583,2.16289731042086
C1orf204,1.85869800601199,1.54086849142186,1.61013521839099,1.85229585365181,2.74549123006208,2.22537771087717,1.81012234972427,1.28289317205872,1.21617385999744,2.32535750305322,1.17173676500064,1.16204675552563,1.32699158050693,1.9409196426403,2.12703318291233,2.51891561062824,1.63775348516444,1.73179799894572,1.15465449648345,1.48471059804442
CD34,2.94319646792569,3.4434280715515,4.48442394528047,4.46518427400903,4.63301985595075,4.96631999039874,5.04641847505885,1.99046083595027,2.0565387846997,4.65027937969264,2.26809978447476,2.07790459942809,2.80601302472334,4.2974945218841,4.72920094649017,3.88380990363085,2.4465430915219,4.41013956102891,3.07929003683692,2.07186622062939
FAM159B,1.86696954992835,1.95794568473804,2.17775971633765,2.72088062916905,3.24328517328321,3.33125138323844,2.49327738589888,1.26193344404446,0.914351689866497,2.8762176778064,1.71408710493583,1.46046673182855,1.61018226023922,2.80905990123473,2.69166591169321,3.1081082664569,1.92142384022498,2.26295250521336,1.59833066584233,1.82065723799808
HBXIP,2.84344628548038,1.9557254889702,1.31134805960596,1.98532801205705,2.83157832911493,2.00600151543507,2.04647329963384,2.03837466175797,2.07474161322838,1.05370025265257,2.0135893395133,2.12491978621858,1.64784787877359,1.81937082112382,1.66024093309851,3.29567148685607,2.46544099283031,1.44411044039188,1.16424366346193,2.56310506446365
MAP3K1,1.46174916508764,1.70522721125634,2.13919396047252,2.0697565505008,2.73345043778001,2.91853995692245,2.57293493359904,1.09122772584606,1.16944803199869,3.2896355593439,0.87812296895561,1.12570619152136,1.31589936304529,2.3782179716114,2.69604219540143,2.28709851535489,1.5262179619349,1.98365099541055,1.52014007774843,1.30001113857053
ODZ3,2.58481205343178,3.95603696490854,4.90648344931249,5.03991608350144,4.81454265624108,5.84366789817657,5.96463638751953,2.48550342175863,2.21340193772018,5.91888693368142,2.38309386492944,1.98214004650772,2.86250288879598,4.89992323710814,5.41477812056266,3.93929039490369,2.37631266603783,4.90557959376904,3.4615504593134,2.07571221420801
PCSK91,1.79347368112904,2.33169490519552,2.80495877082229,3.14644584635263,3.80509388523141,3.7660845171081,3.91416920360486,1.50880198061894,1.50017051809969,3.61248405357037,1.51382487241792,1.43318014171762,1.44616348528682,3.35916495492398,3.3879701549417,2.98075272623041,1.94513593201445,2.61221870778339,1.74224410076643,1.60873324298809
PPP1R12C-Exon2,2.10966255788008,2.10237120364489,1.91886389342484,2.66834643362403,2.29549345385134,2.09812275775394,2.37090333191057,1.86078607478652,2.15434036664667,2.83826610308338,2.22125609742038,1.76492189194129,1.59921595855338,1.67468590160202,2.47173382831288,3.296186447928,2.48426801912195,2.05035057036345,1.88952031213027,2.34551642573147
PTPLB,2.75123205721621,2.25675255181251,2.46670036395267,1.92131916032219,3.52330008735237,2.30125873413094,2.53653736345011,1.77427065503962,2.38721108680273,2.38475853269614,1.80790049963405,2.10737558805062,1.7587694713182,2.60984342161638,2.02353783205114,3.61951704496904,2.56827291554107,2.50931054654466,2.0695089029376,2.49022461995568
RP4-697K147,1.72994202830471,1.466240601212,2.2352417730779,2.1840547053947,3.06378992724904,2.87876579937522,3.1133322043986,1.10697724913395,1.27883673474541,3.59111724952165,1.3696920399379,1.02533848052677,1.51165899775262,2.57593338118371,2.94111095874268,1.48142758497789,1.22699352061754,2.04467491069264,1.69481709600174,1.18794565865719
TMEM57,1.54392674233048,1.55196970023134,1.99909868050519,2.29129517523437,2.83830857428969,3.12711304084596,2.73182599231503,1.04641296662009,1.39718204603509,3.08811160467201,1.45386298071391,1.17543886871708,1.25752331222359,2.50378394438085,2.19832387763516,2.35802941083593,1.18413779738923,2.1150204074607,1.5646227995611,1.38380066045355
TPH22,2.68923141396031,1.80715531239169,1.05422865844413,1.810341548734,3.02018162953419,2.43249346586318,2.29250387297201,2.11014530659176,2.23903051025017,2.30273274085721,2.03893478609533,2.08170741583855,1.64056677056611,2.05891414767657,2.05424104757099,2.76319782907413,2.28024602129792,0.893005480014323,1.60393669685607,2.5407169481145
XRCC6,1.5803501793074,2.51267563908926,3.32649132160175,3.28636778707672,3.12948050286549,3.62710214085138,3.88085728952363,1.51461238633871,1.54592745953065,3.2824112336774,1.59635954531097,1.49299462699408,1.49614293411824,3.09215819826899,3.28415028673106,3.23607155741638,2.16845757492897,3.17176495107438,1.80254459811247,1.67714099484416
ZNF498,1.92003889885945,2.25579561666134,3.93654233765364,3.29271082420994,5.71885478993192,4.60199528629564,3.96837807575053,1.55005346564335,1.41680457088101,3.92574848971767,1.46397163243839,1.67489799771438,1.88748383356014,4.56265116080266,3.91563286638449,2.75423734305779,1.66559301258552,3.37948367665795,2.11834199994989,1.27001860917323
