A2LD1,AR,ATP5G1,BRP44,C16orf93,C17orf96,C1orf204,CD34,FAM159B,HBXIP,MAP3K1,ODZ3,PCSK91,PPP1R12C-Exon2,PTPLB,RP4-697K147,TMEM57,TPH22,XRCC6,ZNF498
A2LD1,2.30834633933893,3.04722332760579,3.11170307076959,3.12746617025718,4.2148678736628,3.42247608491094,3.48898037959777,2.1773583803401,1.82830421688647,3.74935407359455,2.32336935336363,1.98993303266547,1.85852433109827,3.32215923350354,3.14502739605587,4.01633836502163,2.6665624280342,2.95978142971049,2.60891983939645,2.50664952250537
AR,1.87184560048581,1.26018684910689,1.47807476618926,1.76532816431635,2.60899929054985,2.63235652111914,3.00291195963907,1.39779394189196,2.24546800608191,2.66609838640866,1.69406301472329,1.30499219065254,1.19037334072382,2.03789835831757,2.10252663564288,1.68137740069043,1.38310826930711,1.2291174582541,1.54122504681251,1.50207362806173
ATP5G1,4.39373165168755,3.1892735744557,1.94402701371407,2.9401822172338,3.8091584572171,3.67626727497552,3.41000803078601,3.80616374921319,3.62927073078167,3.53525463547189,3.50388592668771,3.20283022248823,3.09435468914491,3.10973681882461,3.48659053459896,4.02302086421837,3.6555692375055,2.12656276711015,2.90812921308081,3.89905761403344
BRP44,2.76368058841959,2.03730835349343,1.2633975252479,2.03845146601647,2.89358917920976,2.91449184239882,2.5709181936263,2.1880677967196,2.40271275268056,2.38282726024195,2.19790951595583,2.20881419182467,1.61836575703758,2.33637659005986,2.04688568753589,3.29468000523409,2.56259357223623,1.19624919404121,1.70674803047631,2.71157014497731
C16orf93,3.2284389060831,2.67311514139811,1.81565696206046,2.86547542495312,2.6860149381946,2.83031170256175,3.14474665153321,2.72898958075359,3.09423772784203,3.23212467145236,3.18677424885007,2.63245930064211,2.17680282164934,2.30185378774018,2.77886924163377,3.75684676953535,3.3664120822845,2.00437502723888,2.31726149739182,3.38895825891179
C17orf96,2.42487034978066,2.18303025388966,1.41270398087562,1.93109287096752,2.3851558151843,1.60710786518659,1.865858885745,2.01580933587741,2.12396114711976,2.19475830558896,1.93728996741402,1.96488503439832,1.5052413752623,1.74262437204304,1.67993395282505,3.56320692521987,2.54124770529607,1.58623499631171,1.6565034510857,2.71140598065826
C1orf204,2.03696963012565,1.48195564442894,1.21514034790025,1.66443108871033,2.84033745536437,1.85802189988283,1.51319266578627,1.5421494209442,1.47563462622734,2.17036786405861,1.36843670540468,1.38511169721657,1.32216843618669,1.5981863775849,1.99775727902477,2.54830890371737,1.73699009621657,1.20549478212175,1.26210463520456,1.7630127773087
CD34,2.56259914921589,3.2143328387264,4.26069280218115,3.75946751886032,4.37118004437561,4.1669047170655,4.33196328031553,2.08848976584785,2.16244407801439,3.9432668180356,1.9204820206627,2.00107195154073,2.29402362808251,3.88287712771348,4.44701799867797,3.82458216049916,2.63239445776639,3.93802422195361,2.5580071675975,2.03827567545308
FAM159B,4.09662578701157,4.16347254038211,3.79671319410147,5.71617948304039,6.14419763792451,6.43177009010241,5.45244023378579,3.24159944436414,2.47885108736525,4.93858265391358,3.3236827369948,2.93489381693909,3.29267314735426,5.49955706239239,5.31832085129103,5.81149230975634,3.63846793176986,4.18658818921656,3.03775239494344,3.51659282828553
HBXIP,2.85331445085518,1.90919501763678,1.15258269622138,1.6624811291143,2.73853264908459,2.03707362119537,1.9819755655355,2.09398299941552,2.26530493881443,1.61788265264484,2.07531147746393,2.08100953046339,1.61174444542221,1.74639332550182,1.71796815932867,3.18960831759911,2.59621076880474,1.20459287574118,1.40675823848464,2.70958900706153
MAP3K1,1.78227328919293,1.59551101453008,1.70270775266399,2.11103006226453,2.84147884106233,2.42511624776767,2.5975415623475,1.11953836449476,1.21996062132504,2.63402297499509,1.09369197670649,0.940616536747883,1.28121259307937,1.95509451685638,2.58599607443492,2.16550817594171,1.39973230904631,1.61480870268975,1.30404911284797,1.29828358985207
ODZ3,4.69737205753105,5.3565400713424,6.8618930059908,7.86447671074548,7.17743940875939,7.91048835550389,8.69939564301993,3.71315787584557,3.67237860699225,9.10358446691003,4.05356712807524,3.15332572186584,4.90562406602041,6.99155275243644,8.26220031866612,5.20992034053975,3.55547001797075,6.69321344895038,5.50681646309257,3.41989248046972
PCSK91,2.55520086508976,2.08566961276232,2.34574939533659,2.74955913203019,3.35897302027648,3.45254291542445,3.2743128502938,1.5136782217927,1.71730089160477,3.26360925816075,1.6971139919026,1.40272788424531,1.80891542722502,2.8351744075712,3.04008967078729,2.95882519036249,1.92571396229469,2.54216622827757,1.77681695192872,1.93523980123129
PPP1R12C-Exon2,5.84712189108523,4.64858459308515,3.8215864240857,5.28378391187621,5.47517933179038,5.30012997097174,5.6787171538449,4.32448284411882,4.99946340762273,6.60011787286906,4.64260561691116,4.01406807630962,4.42689569782948,4.74447837838976,5.70005046630598,5.84446463817417,4.64231707038665,3.78835146429449,4.98516756849869,4.74293404956395
PTPLB,3.0171208902727,2.54201697010071,2.67945157334264,1.91740022678302,3.14153398844456,3.18268844485835,3.59154524702484,1.38400915718459,2.05458758933417,2.78207388853351,2.0825687749562,1.69992533657664,1.71567880595289,3.22473389848945,2.05994035654789,3.04794024387849,2.28856814147452,2.57963859628319,2.06369412349487,2.20944343552444
RP4-697K147,1.89620185401656,1.68291191213736,2.08026952126439,2.39681477142343,2.67165706246814,2.89721898437822,3.19824684738888,1.12401550923674,1.32272221483694,3.19034822771232,1.4294110380492,0.971181363454179,1.51695979861929,2.40356883447708,2.72660456922682,2.00252741461619,1.39681134295346,2.1090407413039,1.68824921829775,1.44811488447404
TMEM57,1.62964971835501,1.00204669520129,1.53005399123807,1.86637482019957,2.93653348782663,2.55119939042785,2.16496062138452,1.15600076327981,1.27759743242865,2.53161676172185,1.46608285351127,1.01881586795233,1.28395318219985,2.00592876035169,2.09059448089473,1.61128532907971,0.881794083891219,1.5080479133284,1.38453780423654,1.22280615150134
TPH22,4.03607986450391,2.84787906830513,1.73738349863408,2.88535768483763,4.1218950494902,3.38660936546777,3.27049907008756,3.36012045607955,3.44209548158425,3.30400310032664,3.20460558318819,3.22781419859618,2.69503956247245,3.0907810670676,3.1404188783725,3.97712390706221,3.52646196391458,1.53296983051044,2.60107033393401,3.72524368104924
XRCC6,2.63235429209708,2.9686883688215,3.94006043987496,4.07605647024245,4.49346029025832,4.37898221748147,4.36232148391666,1.85086805635462,1.71974433492227,4.02597019015502,2.05430864552516,1.63609006874433,2.37860676072859,3.81617705259973,4.32025993063334,3.53177576943821,2.14101227606963,3.90914697684847,2.46543537804353,1.79385935624421
ZNF498,1.68216726649485,2.2392645919754,3.07017668741032,3.70489355328116,3.77084872686375,3.66428895933299,3.8349099094807,1.49055932948335,1.52102274358424,3.32618104025565,1.80288685266467,1.34649112249621,1.64488992459651,3.10076166901857,3.64833734152602,2.8502982542462,1.6168925202124,3.06673132001467,1.8164488359495,1.35818946220271
